# To ensure app dependencies are ported from your virtual environment/host machine into your container, run 'pip freeze > requirements.txt' in the terminal to overwrite this file
# This file may be used to create an environment using:
# $ conda create --name <env> --file <this file>
# platform: win-64
ca-certificates=2020.10.14=0
console_shortcut=0.1.1=4
intel-openmp=2022.0.0=h57928b3_3663
joblib=0.17.0=py_0
libblas=3.9.0=12_win64_mkl
libcblas=3.9.0=12_win64_mkl
liblapack=3.9.0=12_win64_mkl
m2w64-gcc-libgfortran=5.3.0=6
m2w64-gcc-libs=5.3.0=7
m2w64-gcc-libs-core=5.3.0=7
m2w64-gmp=6.1.0=2
m2w64-libwinpthread-git=5.0.0.4634.697f757=2
mkl=2021.4.0=h0e2418a_729
msys2-conda-epoch=20160418=1
numpy=1.22.0=py38hcf66579_0
openssl=3.0.0=h8ffe710_2
pandas=1.3.5=py38h5d928e2_0
pip=21.3.1=pyhd8ed1ab_0
python=3.8.12=h900ac77_2_cpython
python-dateutil=2.8.2=pyhd8ed1ab_0
python_abi=3.8=2_cp38
pytz=2021.3=pyhd8ed1ab_0
scikit-learn=1.0.2=py38hb60ee80_0
scipy=1.7.3=py38ha1292f7_0
setuptools=60.5.0=py38haa244fe_0
six=1.16.0=pyh6c4a22f_0
sqlite=3.37.0=h8ffe710_0
tbb=2021.5.0=h2d74725_0
threadpoolctl=3.0.0=pyh8a188c0_0
ucrt=10.0.20348.0=h57928b3_0
vc=14.2=hb210afc_5
vs2015_runtime=14.29.30037=h902a5da_5
wheel=0.37.1=pyhd8ed1ab_0
